0.26956493
0.30379644
0.1884928
0.30803543
0.19727853
0.29544118
0.23868386
0.30261
0.22301573
0.21525489
0.20124577
0.27395707
0.277505
0.20507286
0.26072568
0.25262272
0.3257024
0.33254862
0.23392996
0.19895369
0.24151431
0.30729944
0.3135279
0.17875436
0.24800985
0.18662602
0.29787335
0.19845589
0.20021813
0.2810555
0.36689377
0.3617001
0.2958914
0.2935958
0.21407878
0.28042108
0.2644138
0.32617217
0.14633688
0.3166211
0.22206034
0.25736052
0.25891775
0.23688212
0.31360552
0.18705325
0.3218703
0.25658852
0.27699968
0.23218375
0.26322302
0.25392944
0.16251527
0.22988975
0.3121206
0.30661795
0.27150252
0.1999195
0.3239082
0.2421969
0.23402941
0.18350576
0.3539098
0.22189304
0.2760702
0.19125251
0.2532758
0.16880457
0.2403388
0.31825987
0.30595988
0.23200779
0.311389
0.2717248
0.27064973
0.24042606
0.2938227
0.28558514
0.29253322
0.27912968
0.21838096
0.21072412
0.2250139
0.37446776
0.2210265
0.33168444
0.2635638
0.32510415
0.3228669
0.2672351
0.17217436
0.22613221
0.21219778
0.2321644
0.23181468
0.15760337
0.30645958
0.2943983
0.27639255
0.21871696
0.283385
0.29479444
0.17312881
0.19700086
0.22610499
0.25804025
0.285064
0.27738476
0.20808202
0.23477508
0.22666128
0.21869941
0.2742203
0.20119715
0.25069973
0.2852847
0.2808248
0.2374555
0.27624077
0.2239357
0.25335845
0.21378203
0.24978532
0.22704309
0.19862953
0.1708202
0.36658671
0.29268238
0.25815022
0.2800149
0.15539108
0.34346348
0.20885542
0.29444343
0.21483256
0.30171317
0.3079898
0.24467573
0.2200486
0.2637568
0.25584036
0.28121907
0.37055856
0.34987614
0.328735
0.28536865
0.34494185
0.29783103
0.39650288
0.32425362
0.24533103
0.27810323
0.3013567
0.32374448
0.23852326
0.30360264
0.21803722
0.23113468
0.23095448
0.27328548
0.32375225
0.28025234
0.1623261
0.18082823
0.25130078
0.19498292
0.30324808
0.27746016
0.2844898
0.26847053
0.25922507
0.22066432
0.2898226
0.3152537
0.2827075
0.24750218
0.20566978
0.2951591
0.17132877
0.21113639
0.31841204
0.21241549
0.27287307
0.2845464
0.1820441
0.196963
0.24286866
0.25794402
0.26702046
0.3501418
0.37642744
0.3345322
0.26114666
0.22640064
0.18705325
0.2938099
0.23132044
0.2601261
0.34800994
0.20144156
0.28552935
0.32488683
0.24042562
0.20203571
0.23871504
0.20358638
0.15152556
0.2667721
0.19632374
0.2700221
0.3109679
0.23343444
0.28496826
0.23461592
0.2910432
0.2789074
0.32362124
0.2879127
0.26111647
0.23233366
0.20245905
0.22215165
0.25623158
0.27050894
0.3118628
0.24764483
0.21164894
0.32991555
0.28092307
0.19535697
0.27311918
0.29902342
0.27826366
0.24771136
0.3257024
0.30761895
0.33283466
0.21415439
0.25302067
0.2458597
0.30136645
0.23509914
0.27842057
0.3311136
0.35950089
0.17813662
0.24431695
0.2748211
0.3017798
0.29629898
0.26618537
0.23405461
0.18342221
0.21890287
0.32052934
0.15417503
0.27833563
0.16342732
0.2437826
0.25299042
0.29207218
0.23982747
0.14314848
0.21844977
0.2829978
0.17331608
0.21486714
0.22908117
0.33349478
0.27594945
0.28973255
0.26194972
0.30405092
0.35379758
0.2513095
0.35368246
0.30976352
0.24786457
0.24718487
0.30453962
0.15883744
0.36692396
0.20485106
0.23641267
0.3208565
0.3022131
0.2491504
0.21231137
0.24497268
0.2806706
0.22805819
0.3013231
0.21951768
0.29868722
0.23466392
0.22210532
0.24115752
0.19335966
0.2830533
0.36159757
0.28378054
0.18311189
0.30555823
0.2717405
0.28218243
0.25494424
0.23930761
0.3125425
0.30304086
0.32461876
0.21907736
0.31143916
0.26617643
0.3899577
0.24363169
0.28870904
0.2478835
0.32754156
0.27084178
0.22257453
0.28169176
0.2635562
0.38877285
0.2935958
0.31294292
0.34992993
0.2604022
0.20442177
0.21748684
0.32007834
0.28320184
0.28302318
0.28548008
0.26792878
0.32300705
0.27876738
0.29117325
0.27238205
0.24044438
0.35738036
0.21827574
0.26088205
0.32721457
0.1912945
0.19656195
0.21236204
0.27746338
0.23937847
0.23422918
0.1984254
0.14670427
0.18643486
0.3263966
0.3196362
0.1751487
0.20701136
0.25104693
0.22651371
0.16976376
0.21522969
0.20883945
0.24384941
0.24202143
0.20419393
0.29960138
0.2541427
0.39132378
0.30718976
0.31257915
0.26099244
0.2815784
0.20041671
0.2707574
0.39014915
0.3171513
0.27640557
0.24350566
0.271273
0.3158664
0.2723959
0.34343415
0.21074162
0.25397122
0.17687514
0.19547097
0.21327119
0.32737562
0.3590903
0.22241251
0.24727143
0.16161919
0.17216393
0.3063665
0.33071202
0.3922577
0.26696593
0.25427455
0.19310388
0.27061695
0.27952006
0.2714373
0.23508938
0.2686135
0.2884199
0.251361
0.36698273
0.307311
0.21698187
0.34104526
0.23933774
0.19690524
0.29768106
0.26822612
0.33553323
0.25367886
0.2888223
0.28221846
0.3019956
0.2868596
0.3198779
0.31915182
0.29258877
0.24477674
0.26049125
0.28250098
0.3066931
0.17188159
0.2180415
0.23581745
0.23019147
0.22518991
0.2984601
0.18754165
0.34011915
0.3035451
0.29803982
0.28324753
0.24671192
0.36174697
0.30971077
0.30097896
0.22203015
0.24411812
0.31679013
0.23963638
0.29867917
0.37195465
0.30251044
0.25760037
0.25470227
0.25097448
0.22873095
0.30278653
0.24159229
0.1859887
0.24959062
0.24337427
0.27628016
0.22825155
0.27618673
0.21216758
0.34194028
0.27455616
0.22000012
0.3257024
0.2731667
0.22491287
0.28866833
0.38918343
0.20312645
0.249827
0.26065052
0.34438205
0.24322574
0.28165108
0.31394824
0.30440235
0.18286595
0.19326729
0.2711107
0.22878097
0.25769484
0.3239382
0.28894958
0.21293657
0.37192392
0.2587567
0.3337386
0.28667834
0.17519356
0.28259093
0.17132877
0.26956314
0.23901665
0.30336472
0.27648994
0.28360873
0.23660174
0.27515647
0.23790856
0.22955719
0.3732233
0.22023088
0.31841204
0.28041732
0.19777083
0.24971525
0.1741271
0.39286035
0.23902616
0.25860325
0.36014915
0.29359537
0.3073811
0.27612683
0.22734573
0.28800666
0.22185108
0.2718825
0.3068173
0.2155838
0.22203736
0.25192922
0.17365737
0.20091406
0.25180995
0.25094151
0.22769721
0.2796186
0.25625154
0.31234187
0.2709663
0.32575902
0.25423053
0.26836142
0.27680662
0.2795068
0.24577722
0.23924361
0.25461775
0.21961786
0.122747354
0.24561138
0.3935495
0.24746306
0.20087327
0.21257772
0.25584492
0.32344663
0.24742518
0.21982335
0.24061899
0.23492241
0.24008352
0.3096119
0.3052985
0.19421627
0.19866233
0.22137415
0.36778635
0.2182183
0.22181578
0.21099222
0.2162707
0.21256523
0.3082089
0.39119217
0.18368901
0.21010898
0.2659073
0.21646297
0.2435093
0.24958971
0.25210866
0.22990936
0.21637811
0.25338483
0.23635599
0.3675945
0.2759926
0.31800017
0.28858623
0.31244406
0.24629894
0.30021888
0.24495687
0.17272063
0.22759105
0.2310338
0.2333797
0.25053862
0.24862757
0.24253903
0.3331318
0.3256722
0.24064308
0.2585464
0.3094321
0.30060783
0.29297435
0.3160187
0.2431724
0.16244009
0.24014933
0.32252604
0.22254685
0.317186
0.22104779
0.321562
0.29857826
0.27431133
0.28294492
0.21251813
0.31796998
0.24899878
0.318586
0.30478793
0.28633636
0.2613062
0.37267694
0.23342639
0.36431414
0.21030223
0.24088575
0.31460497
0.22088704
0.18701921
0.31599033
0.26069832
0.23346244
0.22865216
0.31207216
0.15527709
0.30286855
0.21046227
0.1881729
0.27078885
0.23843966
0.2622371
0.2853931
0.24143769
0.22516774
0.3480851
0.18861781
0.2952504
0.30346993
0.3160187
0.27156183
0.30955732
0.25750265
0.31800017
0.18675569
0.2513031
0.24324392
0.19812499
0.21505632
0.21962701
0.22935382
0.20557094
0.22394858
0.3252521
0.20903909
0.2604022
0.2633294
0.31321087
0.35980213
0.31127855
0.22066432
0.23871592
0.2848159
0.2277876
0.3275637
0.271924
0.27106616
0.20000097
0.22360145
0.22542155
0.33972013
0.3166211
0.27409258
0.27367485
0.29435766
0.25857532
0.3120431
0.22157232
0.24120048
0.35624492
0.27503094
0.24215041
0.3256722
0.19862978
0.25733867
0.21513368
0.3408989
0.30765256
0.23403081
0.32685384
0.30210957
0.2221924
0.37381065
0.3004063
0.22873177
0.22863577
0.15527709
0.28250355
0.2665646
0.26307088
0.16878137
0.2395148
0.15537257
0.1966881
0.30496824
0.33273932
0.26051784
0.2155585
0.30382094
0.18778579
0.2108126
0.31798884
0.19222713
0.24210237
0.25900644
0.261802
0.38887125
0.26361728
0.2567736
0.2145269
0.34800994
0.32541507
0.17215078
0.2916217
0.31146058
0.29625183
0.32527515
0.25843462
0.23737712
0.27866468
0.23151708
0.28594074
0.2415463
0.25781512
0.15539108
0.2796186
0.2937128
0.250324
0.2748627
0.34895194
0.23607253
0.3179008
0.30347508
0.30892065
0.17146516
0.2835188
0.25919732
0.24688403
0.25798997
0.33123094
0.26939833
0.28799856
0.22180994
0.32368636
0.2476581
0.27259636
0.27789044
0.29978755
0.26921293
0.21510012
0.26090235
0.52138513
0.2756107
0.25775084
0.22871992
0.15857174
0.27714795
0.25062975
0.2449505
0.31013754
0.27743194
0.22170869
0.14546563
0.20583674
0.2844555
0.2728667
0.22185108
0.27679446
0.22906071
0.2707309
0.3062573
0.278008
0.2554844
0.20402037
0.25172478
0.28604764
0.2446474
0.2169536
0.24807435
0.21473283
0.31000695
0.3486117
0.3244231
0.30760315
0.22421266
0.22859265
0.21263331
0.32453015
0.20516059
0.27373323
0.23805821
0.2774835
0.24849723
0.2486559
0.35549444
0.29348907
0.3020523
0.24559127
0.24674448
0.2937144
0.24217397
0.32211155
0.26072654
0.1631748
0.27384013
0.16050243
0.29003388
0.21489957
0.15926379
0.21284333
0.33133483
0.24096133
0.24764092
0.22682336
0.32712266
0.29287276
0.31166637
0.27491242
0.17861375
0.2463962
0.18405214
0.27630547
0.30086607
0.26956493
0.22944628
0.23208456
0.3222343
0.25287172
0.23764138
0.25759813
0.28549495
0.15209676
0.16499326
0.15654765
0.20543905
0.25105104
0.31549072
0.19769141
0.2703404
0.31810838
0.27810198
0.24760015
0.31071365
0.24893244
0.31288874
0.2276548
0.2563555
0.23851365
0.25007516
0.3078303
0.31132364
0.22907493
0.2573059
0.20837201
0.23041216
0.32555825
0.23907048
0.19558772
0.22602972
0.32956856
0.26075348
0.2501799
0.2751544
0.22562577
0.17986934
0.24864672
0.28579932
0.15537257
0.18405214
0.31688824
0.33189303
0.2721503
0.16251527
0.29620016
0.26220715
0.22178183
0.20350792
0.34962782
0.21014687
0.32374063
0.20076534
0.24830098
0.203829
0.23863935
0.3342483
0.2323836
0.33223465
0.29960138
0.29700774
0.19669627
0.28923228
0.3148607
0.18657805
0.15933898
0.2865655
0.2760702
0.21954545
0.17944483
0.2358976
0.24298547
0.28609547
0.28074065
0.30667624
0.20766194
0.25522837
0.27139986
0.25375706
0.19364974
0.3029693
0.34047753
0.28379932
0.37057233
0.3629373
0.22377683
0.1711929
0.21527414
0.2550832
0.31744906
0.25949118
0.2157516
0.2832146
0.34523398
0.31010175
0.2688708
0.19857815
0.29479042
0.17875436
0.23930603
0.30477288
0.24610984
0.2709937
0.35022724
0.29342046
0.22143854
0.24417618
0.3261452
0.18132353
0.2824255
0.32795432
0.25921008
0.20403159
0.2764002
0.30091777
0.17934862
0.2543195
0.3207601
0.15157917
0.34299052
0.32263967
0.26571107
0.29552802
0.20782037
0.25289506
0.16244009
0.30460468
0.31951362
0.29934683
0.2777976
0.31043065
0.20221011
0.22553836
0.26300016
0.3686512
0.3257024
0.3899577
0.36538723
0.24384941
0.30523157
0.26012328
0.27940232
0.2402289
0.246988
0.26699337
0.34715188
0.35083663
0.2211821
0.29683676
0.3183009
0.25701594
0.30220762
0.28397834
0.21197268
0.17375143
